y-position;y-error;x-position;x-error;left-position;left-error;right-position;right-error;width;width-error;threshold;fitted-x-position;fitted-left-position;fitted-right-position
40.0;1.0;1679.0;1.0;1664.0;1.0;1694.0;1.0;30.0;2.0;1892.73828125;1678.7262132980627;1663.5742037796524;1694.3783594953773
56.0;1.0;1680.0;1.0;1665.0;1.0;1695.0;1.0;30.0;2.0;1965.37548828125;1680.0392377247667;1665.0053902122006;1695.574494586922
72.0;1.0;1681.0;1.0;1667.0;1.0;1696.0;1.0;29.0;2.0;1876.6337890625;1681.348953062321;1666.4327736628456;1696.7677938587185
88.0;1.0;1683.0;1.0;1668.0;1.0;1698.0;1.0;30.0;2.0;1780.08447265625;1682.6553897836743;1667.8563807033336;1697.9582917828645
104.0;1.0;1684.0;1.0;1669.0;1.0;1699.0;1.0;30.0;2.0;1800.5079345703125;1683.9585783617756;1669.2762379054107;1699.1460228314565
120.0;1.0;1685.0;1.0;1671.0;1.0;1700.0;1.0;29.0;2.0;1693.0848388671875;1685.2585492695735;1670.6923718408227;1700.3310214765922
136.0;1.0;1686.0;1.0;1672.0;1.0;1701.0;1.0;29.0;2.0;1675.1617431640625;1686.555332980017;1672.104809081316;1701.5133221903684
152.0;1.0;1688.0;1.0;1674.0;1.0;1702.0;1.0;28.0;2.0;1625.81298828125;1687.8489599660554;1673.5135761986364;1702.6929594448823
168.0;1.0;1689.0;1.0;1675.0;1.0;1704.0;1.0;29.0;2.0;1569.8785400390625;1689.139460700637;1674.9186997645302;1703.869967712231
184.0;1.0;1690.0;1.0;1676.0;1.0;1705.0;1.0;29.0;2.0;1517.15625;1690.426865656711;1676.3202063507433;1705.0443814645118
200.0;1.0;1692.0;1.0;1678.0;1.0;1706.0;1.0;28.0;2.0;1483.17822265625;1691.7112053072262;1677.7181225290217;1706.2162351738216
216.0;1.0;1693.0;1.0;1679.0;1.0;1707.0;1.0;28.0;2.0;1489.7120361328125;1692.9925101251315;1679.1124748711115;1707.3855633122578
232.0;1.0;1694.0;1.0;1680.0;1.0;1709.0;1.0;29.0;2.0;1396.3099365234375;1694.2708105833758;1680.503289948759;1708.5524003519174
248.0;1.0;1695.0;1.0;1682.0;1.0;1709.0;1.0;27.0;2.0;1455.0147705078125;1695.546137154908;1681.89059433371;1709.7167807648975
264.0;1.0;1697.0;1.0;1683.0;1.0;1711.0;1.0;28.0;2.0;1386.6641845703125;1696.8185203126768;1683.2744145977106;1710.8787390232953
280.0;1.0;1698.0;1.0;1685.0;1.0;1712.0;1.0;27.0;2.0;1308.1768798828125;1698.0879905296313;1684.654777312507;1712.0383095992079
296.0;1.0;1699.0;1.0;1686.0;1.0;1713.0;1.0;27.0;2.0;1332.398681640625;1699.3545782787203;1686.031709049845;1713.1955269647326
312.0;1.0;1701.0;1.0;1688.0;1.0;1714.0;1.0;26.0;2.0;1259.1961669921875;1700.6183140328926;1687.4052363814708;1714.3504255919663
328.0;1.0;1702.0;1.0;1689.0;1.0;1716.0;1.0;27.0;2.0;1237.2510986328125;1701.879228265097;1688.7753858791307;1715.5030399530062
344.0;1.0;1703.0;1.0;1690.0;1.0;1717.0;1.0;27.0;2.0;1237.8717041015625;1703.137351448283;1690.1421841145705;1716.6534045199496
360.0;1.0;1704.0;1.0;1691.0;1.0;1718.0;1.0;27.0;2.0;1154.8563232421875;1704.3927140553985;1691.5056576595362;1717.8015537648935
376.0;1.0;1706.0;1.0;1693.0;1.0;1719.0;1.0;26.0;2.0;1194.5709228515625;1705.6453465593934;1692.8658330857738;1718.947522159935
392.0;1.0;1707.0;1.0;1694.0;1.0;1720.0;1.0;26.0;2.0;1133.7589111328125;1706.8952794332158;1694.2227369650298;1720.0913441771715
408.0;1.0;1708.0;1.0;1696.0;1.0;1721.0;1.0;25.0;2.0;1119.7698974609375;1708.1425431498149;1695.57639586905;1721.2330542886998
424.0;1.0;1710.0;1.0;1697.0;1.0;1723.0;1.0;26.0;2.0;1073.6607666015625;1709.3871681821395;1696.9268363695803;1722.3726869666173
440.0;1.0;1711.0;1.0;1698.0;1.0;1724.0;1.0;26.0;2.0;1092.138916015625;1710.6291850031384;1698.274085038367;1723.510276683021
456.0;1.0;1712.0;1.0;1700.0;1.0;1725.0;1.0;25.0;2.0;1065.0352783203125;1711.868624085761;1699.618168447156;1724.645857910008
472.0;1.0;1713.0;1.0;1701.0;1.0;1726.0;1.0;25.0;2.0;1023.7789306640625;1713.1055159029554;1700.9591131676934;1725.7794651196757
488.0;1.0;1714.0;1.0;1702.0;1.0;1727.0;1.0;25.0;2.0;1012.63427734375;1714.3398909276711;1702.2969457717256;1726.9111327841208
504.0;1.0;1716.0;1.0;1704.0;1.0;1728.0;1.0;24.0;2.0;983.5023803710938;1715.5717796328568;1703.6316928309982;1728.0408953754409
520.0;1.0;1717.0;1.0;1705.0;1.0;1729.0;1.0;24.0;2.0;973.8272705078125;1716.8012124914612;1704.9633809172572;1729.168787365733
536.0;1.0;1718.0;1.0;1706.0;1.0;1730.0;1.0;24.0;2.0;988.9368896484375;1718.0282199764333;1706.292036602249;1730.294843227094
552.0;1.0;1719.0;1.0;1708.0;1.0;1731.0;1.0;23.0;2.0;979.8651733398438;1719.252832560722;1707.6176864577196;1731.4190974316211
568.0;1.0;1721.0;1.0;1709.0;1.0;1733.0;1.0;24.0;2.0;964.1654663085938;1720.4750807172763;1708.940357055415;1732.5415844514118
584.0;1.0;1722.0;1.0;1710.0;1.0;1734.0;1.0;24.0;2.0;934.0318603515625;1721.6949949190448;1710.2600749670814;1733.6623387585628
600.0;1.0;1723.0;1.0;1712.0;1.0;1735.0;1.0;23.0;2.0;924.239990234375;1722.9126056389766;1711.5768667644645;1734.7813948251717
616.0;1.0;1724.0;1.0;1713.0;1.0;1736.0;1.0;23.0;2.0;906.583740234375;1724.1279433500206;1712.8907590193107;1735.898787123335
632.0;1.0;1725.0;1.0;1714.0;1.0;1737.0;1.0;23.0;2.0;871.52685546875;1725.3410385251257;1714.201778303366;1737.0145501251507
648.0;1.0;1726.0;1.0;1715.0;1.0;1738.0;1.0;23.0;2.0;852.6116333007812;1726.5519216372404;1715.5099511883764;1738.128718302715
664.0;1.0;1728.0;1.0;1717.0;1.0;1740.0;1.0;23.0;2.0;845.6619873046875;1727.760623159314;1716.8153042460879;1739.2413261281258
680.0;1.0;1729.0;1.0;1718.0;1.0;1740.0;1.0;22.0;2.0;862.8860473632812;1728.9671735642953;1718.1178640482467;1740.3524080734799
696.0;1.0;1730.0;1.0;1719.0;1.0;1742.0;1.0;23.0;2.0;839.888671875;1730.1716033251332;1719.4176571665987;1741.4619986108744
712.0;1.0;1732.0;1.0;1721.0;1.0;1743.0;1.0;22.0;2.0;798.6301879882812;1731.3739429147763;1720.7147101728901;1742.5701322124064
728.0;1.0;1733.0;1.0;1722.0;1.0;1744.0;1.0;22.0;2.0;835.8092041015625;1732.5742228061738;1722.009049638867;1743.6768433501734
744.0;1.0;1734.0;1.0;1723.0;1.0;1745.0;1.0;22.0;2.0;829.0828857421875;1733.7724734722744;1723.3007021362753;1744.782166496272
760.0;1.0;1735.0;1.0;1724.0;1.0;1746.0;1.0;22.0;2.0;749.6781616210938;1734.9687253860272;1724.5896942368613;1745.8861361227998
776.0;1.0;1736.0;1.0;1726.0;1.0;1747.0;1.0;21.0;2.0;772.0536499023438;1736.1630090203807;1725.8760525123707;1746.988786701854
792.0;1.0;1737.0;1.0;1727.0;1.0;1748.0;1.0;21.0;2.0;738.6386108398438;1737.3553548482844;1727.1598035345498;1748.0901527055312
808.0;1.0;1739.0;1.0;1728.0;1.0;1750.0;1.0;22.0;2.0;742.134521484375;1738.5457933426865;1728.4409738751447;1749.1902686059288
824.0;1.0;1740.0;1.0;1730.0;1.0;1751.0;1.0;21.0;2.0;728.8819580078125;1739.7343549765362;1729.7195901059013;1750.2891688751442
840.0;1.0;1741.0;1.0;1731.0;1.0;1752.0;1.0;21.0;2.0;736.847900390625;1740.9210702227824;1730.995678798566;1751.3868879852744
856.0;1.0;1742.0;1.0;1732.0;1.0;1753.0;1.0;21.0;2.0;723.1292724609375;1742.105969554374;1732.2692665248842;1752.4834604084165
872.0;1.0;1743.0;1.0;1733.0;1.0;1754.0;1.0;21.0;2.0;702.827392578125;1743.2890834442596;1733.5403798566026;1753.5789206166673
888.0;1.0;1745.0;1.0;1735.0;1.0;1755.0;1.0;20.0;2.0;682.4658813476562;1744.4704423653886;1734.8090453654672;1754.6733030821244
904.0;1.0;1746.0;1.0;1736.0;1.0;1756.0;1.0;20.0;2.0;706.4508666992188;1745.6500767907096;1736.0752896232236;1755.766642276885
920.0;1.0;1747.0;1.0;1737.0;1.0;1757.0;1.0;20.0;2.0;698.8541870117188;1746.8280171931713;1737.3391392016183;1756.8589726730459
936.0;1.0;1748.0;1.0;1738.0;1.0;1758.0;1.0;20.0;2.0;676.6436157226562;1748.0042940457226;1738.6006206723973;1757.9503287427044
952.0;1.0;1749.0;1.0;1740.0;1.0;1759.0;1.0;19.0;2.0;667.95458984375;1749.178937821313;1739.8597606073065;1759.0407449579575
968.0;1.0;1750.0;1.0;1741.0;1.0;1760.0;1.0;19.0;2.0;684.1593017578125;1750.3519789928905;1741.116585578092;1760.1302557909025
984.0;1.0;1751.0;1.0;1742.0;1.0;1761.0;1.0;19.0;2.0;660.3917846679688;1751.5234480334045;1742.3711221565;1761.2188957136366
1000.0;1.0;1753.0;1.0;1744.0;1.0;1763.0;1.0;19.0;2.0;654.2530517578125;1752.6933754158038;1743.6233969142763;1762.3066991982569
1016.0;1.0;1754.0;1.0;1745.0;1.0;1764.0;1.0;19.0;2.0;623.0396118164062;1753.8617916130372;1744.8734364231673;1763.3937007168602
1032.0;1.0;1755.0;1.0;1746.0;1.0;1765.0;1.0;19.0;2.0;633.6070556640625;1755.0287270980539;1746.1212672549188;1764.4799347415442
1048.0;1.0;1756.0;1.0;1747.0;1.0;1766.0;1.0;19.0;2.0;635.6939086914062;1756.1942123438023;1747.366915981277;1765.5654357444055
1064.0;1.0;1758.0;1.0;1749.0;1.0;1767.0;1.0;18.0;2.0;607.6738891601562;1757.3582778232314;1748.6104091739878;1766.6502381975417
1080.0;1.0;1759.0;1.0;1750.0;1.0;1768.0;1.0;18.0;2.0;619.2828369140625;1758.5209540092903;1749.8517734047975;1767.7343765730498
1096.0;1.0;1760.0;1.0;1751.0;1.0;1769.0;1.0;18.0;2.0;626.2442626953125;1759.682271374928;1751.091035245452;1768.8178853430268
1112.0;1.0;1761.0;1.0;1752.0;1.0;1770.0;1.0;18.0;2.0;595.7713623046875;1760.8422603930928;1752.3282212676975;1769.9007989795698
1128.0;1.0;1762.0;1.0;1753.0;1.0;1771.0;1.0;18.0;2.0;611.3615112304688;1762.000951536734;1753.5633580432798;1770.983151954776
1144.0;1.0;1763.0;1.0;1755.0;1.0;1772.0;1.0;17.0;2.0;580.6209106445312;1763.1583752788003;1754.7964721439453;1772.0649787407428
1160.0;1.0;1764.0;1.0;1756.0;1.0;1773.0;1.0;17.0;2.0;580.9189453125;1764.314562092241;1756.0275901414398;1773.1463138095671
1176.0;1.0;1765.0;1.0;1757.0;1.0;1774.0;1.0;17.0;2.0;578.7265625;1765.4695424500044;1757.2567386075093;1774.227191633346
1192.0;1.0;1766.0;1.0;1758.0;1.0;1775.0;1.0;17.0;2.0;564.7899169921875;1766.6233468250398;1758.4839441139002;1775.3076466841767
1208.0;1.0;1768.0;1.0;1760.0;1.0;1776.0;1.0;16.0;2.0;588.4446411132812;1767.776005690296;1759.7092332323582;1776.3877134341565
1224.0;1.0;1769.0;1.0;1761.0;1.0;1777.0;1.0;16.0;2.0;581.69287109375;1768.9275495187217;1760.9326325346296;1777.4674263553823
1240.0;1.0;1770.0;1.0;1762.0;1.0;1779.0;1.0;17.0;2.0;537.0196533203125;1770.078008783266;1762.1541685924603;1778.5468199199515
1256.0;1.0;1771.0;1.0;1763.0;1.0;1780.0;1.0;17.0;2.0;530.179443359375;1771.2274139568774;1763.3738679775965;1779.6259285999608
1272.0;1.0;1773.0;1.0;1765.0;1.0;1781.0;1.0;16.0;2.0;545.9053344726562;1772.3757955125052;1764.5917572617843;1780.704786867508
1288.0;1.0;1773.0;1.0;1765.0;1.0;1782.0;1.0;17.0;2.0;503.1580505371094;1773.5231839230983;1765.8078630167697;1781.7834291946895
1304.0;1.0;1775.0;1.0;1767.0;1.0;1783.0;1.0;16.0;2.0;522.5643310546875;1774.6696096616054;1767.0222118142985;1782.861890053603
1320.0;1.0;1776.0;1.0;1768.0;1.0;1784.0;1.0;16.0;2.0;500.7955322265625;1775.8151032009753;1768.2348302261173;1783.9402039163454
1336.0;1.0;1777.0;1.0;1769.0;1.0;1785.0;1.0;16.0;2.0;510.18560791015625;1776.9596950141568;1769.4457448239718;1785.0184052550137
1352.0;1.0;1778.0;1.0;1771.0;1.0;1785.0;1.0;14.0;2.0;518.0634765625;1778.1034155740992;1770.654982179608;1786.0965285417053
1368.0;1.0;1779.0;1.0;1772.0;1.0;1787.0;1.0;15.0;2.0;494.1837158203125;1779.246295353751;1771.8625688647721;1787.1746082485174
1384.0;1.0;1780.0;1.0;1773.0;1.0;1788.0;1.0;15.0;2.0;504.6494140625;1780.3883648260614;1773.0685314512102;1788.252678847547
1400.0;1.0;1781.0;1.0;1774.0;1.0;1789.0;1.0;15.0;2.0;488.8828125;1781.529654463979;1774.2728965106683;1789.3307748108912
1416.0;1.0;1783.0;1.0;1775.0;1.0;1791.0;1.0;16.0;2.0;458.054931640625;1782.6701947404529;1775.4756906148923;1790.408930610647
1432.0;1.0;1784.0;1.0;1777.0;1.0;1791.0;1.0;14.0;2.0;477.3134765625;1783.810016128432;1776.6769403356286;1791.487180718912
1448.0;1.0;1785.0;1.0;1778.0;1.0;1792.0;1.0;14.0;2.0;486.6915283203125;1784.9491491008648;1777.876672244623;1792.565559607783
1464.0;1.0;1786.0;1.0;1779.0;1.0;1794.0;1.0;15.0;2.0;454.9576721191406;1786.0876241307003;1779.0749129136218;1793.644101749357
1480.0;1.0;1787.0;1.0;1780.0;1.0;1795.0;1.0;15.0;2.0;456.8548278808594;1787.2254716908878;1780.2716889143708;1794.7228416157316
1496.0;1.0;1788.0;1.0;1781.0;1.0;1796.0;1.0;15.0;2.0;439.27520751953125;1788.3627222543757;1781.4670268186162;1795.8018136790035
1512.0;1.0;1790.0;1.0;1783.0;1.0;1797.0;1.0;14.0;2.0;452.3467712402344;1789.4994062941132;1782.660953198104;1796.88105241127
1528.0;1.0;1791.0;1.0;1784.0;1.0;1798.0;1.0;14.0;2.0;463.1131591796875;1790.6355542830493;1783.8534946245802;1797.9605922846285
1544.0;1.0;1792.0;1.0;1785.0;1.0;1799.0;1.0;14.0;2.0;448.8372802734375;1791.7711966941322;1785.044677669791;1799.0404677711758
1560.0;1.0;1793.0;1.0;1786.0;1.0;1800.0;1.0;14.0;2.0;425.1635437011719;1792.9063640003114;1786.2345289054826;1800.120713343009
1576.0;1.0;1794.0;1.0;1788.0;1.0;1801.0;1.0;13.0;2.0;448.46014404296875;1794.0410866745358;1787.423074903401;1801.2013634722255
1592.0;1.0;1795.0;1.0;1789.0;1.0;1802.0;1.0;13.0;2.0;434.03448486328125;1795.1753951897538;1788.6103422352917;1802.2824526309223
1608.0;1.0;1796.0;1.0;1790.0;1.0;1803.0;1.0;13.0;2.0;448.84698486328125;1796.3093200189146;1789.7963574729015;1803.3640152911964
1624.0;1.0;1797.0;1.0;1791.0;1.0;1804.0;1.0;13.0;2.0;431.05804443359375;1797.4428916349673;1790.9811471879761;1804.4460859251453
1640.0;1.0;1798.0;1.0;1792.0;1.0;1805.0;1.0;13.0;2.0;423.9196472167969;1798.5761405108603;1792.1647379522617;1805.528699004866
1656.0;1.0;1800.0;1.0;1793.0;1.0;1807.0;1.0;14.0;2.0;402.7209167480469;1799.7090971195428;1793.3471563375042;1806.6118890024554
1672.0;1.0;1801.0;1.0;1795.0;1.0;1807.0;1.0;12.0;2.0;400.8671875;1800.8417919339636;1794.5284289154497;1807.695690390011
1688.0;1.0;1802.0;1.0;1796.0;1.0;1809.0;1.0;13.0;2.0;404.7879333496094;1801.9742554270715;1795.7085822578445;1808.7801376396296
1704.0;1.0;1803.0;1.0;1797.0;1.0;1810.0;1.0;13.0;2.0;392.5714416503906;1803.1065180718153;1796.8876429364343;1809.8652652234086
1720.0;1.0;1804.0;1.0;1798.0;1.0;1811.0;1.0;13.0;2.0;391.9247741699219;1804.2386103411443;1798.0656375229653;1810.951107613445
1736.0;1.0;1805.0;1.0;1799.0;1.0;1812.0;1.0;13.0;2.0;408.578125;1805.3705627080071;1799.2425925891837;1812.037699281836
1752.0;1.0;1806.0;1.0;1800.0;1.0;1813.0;1.0;13.0;2.0;383.9236145019531;1806.5024056453526;1800.4185347068353;1813.1250747006789
1768.0;1.0;1808.0;1.0;1802.0;1.0;1814.0;1.0;12.0;2.0;390.7511901855469;1807.6341696261295;1801.5934904476667;1814.2132683420705
1784.0;1.0;1809.0;1.0;1803.0;1.0;1815.0;1.0;12.0;2.0;383.26202392578125;1808.765885123287;1802.7674863834231;1815.302314678108
1800.0;1.0;1810.0;1.0;1804.0;1.0;1816.0;1.0;12.0;2.0;373.2939758300781;1809.897582609774;1803.9405490858514;1816.3922481808886
1816.0;1.0;1811.0;1.0;1805.0;1.0;1817.0;1.0;12.0;2.0;381.2055358886719;1811.029292558539;1805.1127051266972;1817.4831033225098
1832.0;1.0;1812.0;1.0;1806.0;1.0;1818.0;1.0;12.0;2.0;381.5637512207031;1812.161045442531;1806.2839810777066;1818.574914575068
1848.0;1.0;1813.0;1.0;1808.0;1.0;1819.0;1.0;11.0;2.0;376.9200134277344;1813.2928717346992;1807.4544035106258;1819.6677164106611
1864.0;1.0;1814.0;1.0;1809.0;1.0;1820.0;1.0;11.0;2.0;386.64874267578125;1814.4248019079923;1808.6239989972007;1820.761543301386
1880.0;1.0;1816.0;1.0;1810.0;1.0;1822.0;1.0;12.0;2.0;347.04205322265625;1815.556866435359;1809.7927941091775;1821.8564297193395
1896.0;1.0;1817.0;1.0;1811.0;1.0;1823.0;1.0;12.0;2.0;361.0662536621094;1816.6890957897485;1810.9608154183022;1822.952410136619
1912.0;1.0;1818.0;1.0;1812.0;1.0;1824.0;1.0;12.0;2.0;339.4849853515625;1817.8215204441094;1812.128089496321;1824.0495190253216
1928.0;1.0;1819.0;1.0;1813.0;1.0;1825.0;1.0;12.0;2.0;334.62750244140625;1818.9541708713907;1813.2946429149797;1825.1477908575446
1944.0;1.0;1820.0;1.0;1815.0;1.0;1826.0;1.0;11.0;2.0;356.8346252441406;1820.0870775445414;1814.4605022460246;1826.2472601053848
1960.0;1.0;1821.0;1.0;1816.0;1.0;1827.0;1.0;11.0;2.0;349.6328125;1821.2202709365101;1815.6256940612016;1827.3479612409396
1976.0;1.0;1822.0;1.0;1817.0;1.0;1828.0;1.0;11.0;2.0;338.0768127441406;1822.3537815202458;1816.7902449322567;1828.4499287363062
1992.0;1.0;1823.0;1.0;1818.0;1.0;1829.0;1.0;11.0;2.0;325.0833435058594;1823.4876397686976;1817.9541814309362;1829.5531970635816
2008.0;1.0;1824.0;1.0;1819.0;1.0;1830.0;1.0;11.0;2.0;334.1979064941406;1824.6218761548141;1819.1175301289861;1830.657800694863
2024.0;1.0;1826.0;1.0;1820.0;1.0;1832.0;1.0;12.0;2.0;327.5989685058594;1825.7565211515443;1820.2803175981524;1831.7637741022475
2040.0;1.0;1827.0;1.0;1821.0;1.0;1833.0;1.0;12.0;2.0;318.4049377441406;1826.891605231837;1821.442570410181;1832.8711517578322
2056.0;1.0;1828.0;1.0;1823.0;1.0;1834.0;1.0;11.0;2.0;318.8958435058594;1828.0271588686412;1822.6043151368183;1833.9799681337142
2072.0;1.0;1829.0;1.0;1824.0;1.0;1835.0;1.0;11.0;2.0;311.03125;1829.1632125349058;1823.76557834981;1835.0902577019908
2088.0;1.0;1830.0;1.0;1825.0;1.0;1836.0;1.0;11.0;2.0;305.0052185058594;1830.2997967035797;1824.9263866209026;1836.2020549347592
2104.0;1.0;1831.0;1.0;1826.0;1.0;1837.0;1.0;11.0;2.0;304.4986877441406;1831.4369418476115;1826.0867665218416;1837.3153943041161
2120.0;1.0;1832.0;1.0;1827.0;1.0;1838.0;1.0;11.0;2.0;301.4713439941406;1832.5746784399503;1827.2467446243736;1838.430310282159
2136.0;1.0;1833.0;1.0;1828.0;1.0;1839.0;1.0;11.0;2.0;292.2265625;1833.7130369535448;1828.4063475002445;1839.5468373409853
2152.0;1.0;1835.0;1.0;1829.0;1.0;1841.0;1.0;12.0;2.0;296.87109375;1834.8520478613443;1829.5656017212;1840.6650099526917
2168.0;1.0;1836.0;1.0;1831.0;1.0;1842.0;1.0;11.0;2.0;281.5169372558594;1835.9917416362973;1830.7245338589867;1841.7848625893753
2184.0;1.0;1837.0;1.0;1832.0;1.0;1843.0;1.0;11.0;2.0;282.86956787109375;1837.1321487513528;1831.8831704853503;1842.9064297231337
2200.0;1.0;1838.0;1.0;1833.0;1.0;1844.0;1.0;11.0;2.0;262.75;1838.2732996794598;1833.0415381720372;1844.0297458260634
2216.0;1.0;1839.0;1.0;1834.0;1.0;1845.0;1.0;11.0;2.0;269.32745361328125;1839.4152248935668;1834.199663490793;1845.1548453702621
2232.0;1.0;1841.0;1.0;1836.0;1.0;1846.0;1.0;10.0;2.0;281.4931945800781;1840.557954866623;1835.3575730133641;1846.2817628278267
2248.0;1.0;1842.0;1.0;1837.0;1.0;1847.0;1.0;10.0;2.0;283.0747375488281;1841.7015200715775;1836.5152933114964;1847.4105326708543
2264.0;1.0;1843.0;1.0;1838.0;1.0;1848.0;1.0;10.0;2.0;265.59783935546875;1842.8459509813786;1837.6728509569361;1848.541189371442
2280.0;1.0;1844.0;1.0;1839.0;1.0;1850.0;1.0;11.0;2.0;260.1046142578125;1843.9912780689756;1838.8302725214292;1849.6737674016872
2296.0;1.0;1845.0;1.0;1840.0;1.0;1851.0;1.0;11.0;2.0;252.92935180664062;1845.1375318073174;1839.9875845767217;1850.808301233687
2312.0;1.0;1846.0;1.0;1841.0;1.0;1852.0;1.0;11.0;2.0;256.7010803222656;1846.2847426693525;1841.1448136945596;1851.9448253395383
2328.0;1.0;1848.0;1.0;1843.0;1.0;1853.0;1.0;10.0;2.0;253.36685180664062;1847.4329411280303;1842.3019864466892;1853.0833741913384
2344.0;1.0;1849.0;1.0;1844.0;1.0;1854.0;1.0;10.0;2.0;262.1477355957031;1848.5821576562992;1843.4591294048564;1854.2239822611843
2360.0;1.0;1850.0;1.0;1845.0;1.0;1855.0;1.0;10.0;2.0;245.2975616455078;1849.7324227271083;1844.6162691408074;1855.3666840211733
2376.0;1.0;1851.0;1.0;1846.0;1.0;1857.0;1.0;11.0;2.0;244.26358032226562;1850.8837668134065;1845.7734322262882;1856.5115139434024
2392.0;1.0;1852.0;1.0;1847.0;1.0;1858.0;1.0;11.0;2.0;238.27174377441406;1852.0362203881427;1846.9306452330445;1857.658506499969
2408.0;1.0;1853.0;1.0;1848.0;1.0;1859.0;1.0;11.0;2.0;220.98233032226562;1853.1898139242658;1848.087934732823;1858.80769616297
2424.0;1.0;1855.0;1.0;1850.0;1.0;1860.0;1.0;10.0;2.0;244.56675720214844;1854.3445778947244;1849.2453272973694;1859.9591174045026
2440.0;1.0;1856.0;1.0;1851.0;1.0;1861.0;1.0;10.0;2.0;235.74574279785156;1855.5005427724677;1850.4028494984295;1861.112804696664
2456.0;1.0;1857.0;1.0;1852.0;1.0;1862.0;1.0;10.0;2.0;225.2119598388672;1856.6577390304446;1851.56052790775;1862.2687925115513
2472.0;1.0;1858.0;1.0;1853.0;1.0;1863.0;1.0;10.0;2.0;228.8274383544922;1857.8161971416039;1852.7183890970766;1863.4271153212615
2488.0;1.0;1859.0;1.0;1854.0;1.0;1865.0;1.0;11.0;2.0;221.13450622558594;1858.9759475788942;1853.8764596381552;1864.587807597892
2504.0;1.0;1860.0;1.0;1855.0;1.0;1866.0;1.0;11.0;2.0;208.72825622558594;1860.1370208152648;1855.0347661027322;1865.7509038135395
2520.0;1.0;1861.0;1.0;1856.0;1.0;1867.0;1.0;11.0;2.0;199.875;1861.2994473236643;1856.1933350625534;1866.9164384403018
2536.0;1.0;1862.0;1.0;1857.0;1.0;1868.0;1.0;11.0;2.0;210.9225616455078;1862.4632575770418;1857.352193089365;1868.0844459502755
2552.0;1.0;1864.0;1.0;1859.0;1.0;1869.0;1.0;10.0;2.0;210.1630401611328;1863.6284820483459;1858.5113667549133;1869.2549608155582
2568.0;1.0;1865.0;1.0;1860.0;1.0;1870.0;1.0;10.0;2.0;214.3110809326172;1864.7951512105258;1859.6708826309437;1870.4280175082465
2584.0;1.0;1866.0;1.0;1861.0;1.0;1871.0;1.0;10.0;2.0;207.09942626953125;1865.96329553653;1860.8307672892029;1871.6036505004379
2600.0;1.0;1867.0;1.0;1862.0;1.0;1873.0;1.0;11.0;2.0;207.41903686523438;1867.1329454993079;1861.9910473014365;1872.7818942642293
2616.0;1.0;1869.0;1.0;1864.0;1.0;1874.0;1.0;10.0;2.0;199.78939819335938;1868.304131571808;1863.1517492393912;1873.962783271718
2632.0;1.0;1869.0;1.0;1864.0;1.0;1875.0;1.0;11.0;2.0;184.72265625;1869.4768842269793;1864.3128996748121;1875.1463519950014
2648.0;1.0;1871.0;1.0;1866.0;1.0;1876.0;1.0;10.0;2.0;201.6725616455078;1870.6512339377707;1865.4745251794461;1876.3326349061763
2664.0;1.0;1872.0;1.0;1867.0;1.0;1877.0;1.0;10.0;2.0;185.7350616455078;1871.827211177131;1866.636652325039;1877.5216664773397
2680.0;1.0;1873.0;1.0;1868.0;1.0;1879.0;1.0;11.0;2.0;176.1471405029297;1873.004846418009;1867.7993076833368;1878.713481180589
2696.0;1.0;1874.0;1.0;1869.0;1.0;1880.0;1.0;11.0;2.0;180.8854217529297;1874.1841701333537;1868.9625178260856;1879.9081134880214
2712.0;1.0;1876.0;1.0;1870.0;1.0;1882.0;1.0;12.0;2.0;178.21875;1875.365212796114;1870.1263093250313;1881.105597871734
2728.0;1.0;1877.0;1.0;1872.0;1.0;1882.0;1.0;10.0;2.0;173.2336883544922;1876.548004879239;1871.2907087519202;1882.3059688038238
2744.0;1.0;1878.0;1.0;1872.0;1.0;1884.0;1.0;12.0;2.0;153.12875366210938;1877.732576855677;1872.4557426784984;1883.509260756388
2760.0;1.0;1879.0;1.0;1874.0;1.0;1885.0;1.0;11.0;2.0;165.3125;1878.9189591983775;1873.6214376765117;1884.7155082015236
2776.0;1.0;1880.0;1.0;1875.0;1.0;1886.0;1.0;11.0;2.0;163.4127655029297;1880.107182380289;1874.7878203177063;1885.924745611328
2792.0;1.0;1881.0;1.0;1876.0;1.0;1887.0;1.0;11.0;2.0;159.76953125;1881.2972768743605;1875.954917173828;1887.137007457898
2808.0;1.0;1883.0;1.0;1877.0;1.0;1889.0;1.0;12.0;2.0;160.32421875;1882.4892731535408;1877.1227548166237;1888.3523282133315
2824.0;1.0;1884.0;1.0;1878.0;1.0;1890.0;1.0;12.0;2.0;149.0175018310547;1883.683201690779;1878.2913598178384;1889.5707423497247
2840.0;1.0;1885.0;1.0;1879.0;1.0;1891.0;1.0;12.0;2.0;145.27749633789062;1884.8790929590239;1879.460758749219;1890.7922843391752
2856.0;1.0;1886.0;1.0;1880.0;1.0;1892.0;1.0;12.0;2.0;139.25961303710938;1886.0769774312241;1880.630978182511;1892.0169886537803
2872.0;1.0;1888.0;1.0;1882.0;1.0;1894.0;1.0;12.0;2.0;149.96624755859375;1887.2768855803288;1881.8020446894607;1893.2448897656368
2888.0;1.0;1889.0;1.0;1883.0;1.0;1895.0;1.0;12.0;2.0;138.78965759277344;1888.4788478792866;1882.973984841814;1894.4760221468418
2904.0;1.0;1889.0;1.0;1884.0;1.0;1895.0;1.0;11.0;2.0;144.9036407470703;1889.6828948010468;1884.146825211317;1895.7104202694927
2920.0;1.0;1891.0;1.0;1886.0;1.0;1897.0;1.0;11.0;2.0;143.0225067138672;1890.889056818558;1885.3205923697162;1896.9481186056867
2936.0;1.0;1892.0;1.0;1887.0;1.0;1898.0;1.0;11.0;2.0;137.50750732421875;1892.097364404769;1886.495312888757;1898.1891516275207
2952.0;1.0;1893.0;1.0;1888.0;1.0;1899.0;1.0;11.0;2.0;134.6687469482422;1893.3078480326287;1887.6710133401862;1899.433553807092
2968.0;1.0;1895.0;1.0;1889.0;1.0;1901.0;1.0;12.0;2.0;130.97235107421875;1894.5205381750864;1888.847720295749;1900.6813596164975
2984.0;1.0;1896.0;1.0;1889.0;1.0;1903.0;1.0;14.0;2.0;120.92633819580078;1895.7354653050904;1890.025460327192;1901.9326035278348
3000.0;1.0;1897.0;1.0;1891.0;1.0;1903.0;1.0;12.0;2.0;124.00240325927734;1896.95265989559;1891.2042600062612;1903.1873200132004
3016.0;1.0;1898.0;1.0;1892.0;1.0;1904.0;1.0;12.0;2.0;127.07572174072266;1898.1721524195339;1892.3841459047026;1904.445543544692
3032.0;1.0;1900.0;1.0;1894.0;1.0;1906.0;1.0;12.0;2.0;126.00120544433594;1899.393973349871;1893.5651445942624;1905.7073085944066
3048.0;1.0;1901.0;1.0;1895.0;1.0;1907.0;1.0;12.0;2.0;123.17874908447266;1900.6181531595503;1894.7472826466865;1906.972649634441
3064.0;1.0;1902.0;1.0;1896.0;1.0;1908.0;1.0;12.0;2.0;119.6053237915039;1901.8447223215203;1895.9305866337208;1908.2416011368928
3080.0;1.0;1903.0;1.0;1897.0;1.0;1909.0;1.0;12.0;2.0;117.97956848144531;1903.0737113087305;1897.1150831271118;1909.5141975738588
3096.0;1.0;1904.0;1.0;1898.0;1.0;1911.0;1.0;13.0;2.0;104.27678680419922;1904.3051505941291;1898.3007986986051;1910.7904734174365
3112.0;1.0;1905.0;1.0;1899.0;1.0;1912.0;1.0;13.0;2.0;110.69307708740234;1905.5390706506655;1899.4877599199472;1912.0704631397227
3128.0;1.0;1907.0;1.0;1900.0;1.0;1914.0;1.0;14.0;2.0;101.39224243164062;1906.7755019512883;1900.675993362884;1913.3542012128148
3144.0;1.0;1908.0;1.0;1901.0;1.0;1915.0;1.0;14.0;2.0;97.03987121582031;1908.0144749689466;1901.8655255991612;1914.6417221088097
3160.0;1.0;1909.0;1.0;1903.0;1.0;1916.0;1.0;13.0;2.0;100.35491180419922;1909.2560201765891;1903.0563832005255;1915.9330602998048
3176.0;1.0;1910.0;1.0;1904.0;1.0;1917.0;1.0;13.0;2.0;99.50557708740234;1910.5001680471648;1904.2485927387224;1917.228250257897
3192.0;1.0;1912.0;1.0;1905.0;1.0;1919.0;1.0;14.0;2.0;90.19479370117188;1911.7469490536225;1905.4421807854983;1918.5273264551834
3208.0;1.0;1913.0;1.0;1907.0;1.0;1920.0;1.0;13.0;2.0;90.70905303955078;1912.996393668911;1906.637173912599;1919.8303233637614
3224.0;1.0;1914.0;1.0;1908.0;1.0;1921.0;1.0;13.0;2.0;95.71336364746094;1914.2485323659794;1907.833598691771;1921.1372754557278
3240.0;1.0;1916.0;1.0;1909.0;1.0;1923.0;1.0;14.0;2.0;93.14583587646484;1915.5033956177765;1909.0314816947598;1922.4482172031803
3256.0;1.0;1916.0;1.0;1910.0;1.0;1923.0;1.0;13.0;2.0;92.38900756835938;1916.7610138972511;1910.230849493312;1923.7631830782154
3272.0;1.0;1918.0;1.0;1911.0;1.0;1925.0;1.0;14.0;2.0;90.56573486328125;1918.021417677352;1911.4317286591731;1925.0822075529309
3288.0;1.0;1920.0;1.0;1913.0;1.0;1927.0;1.0;14.0;2.0;86.3531265258789;1919.2846374310284;1912.6341457640897;1926.4053250994232
3304.0;1.0;1920.0;1.0;1913.0;1.0;1928.0;1.0;15.0;2.0;79.39818572998047;1920.550703631229;1913.8381273798077;1927.7325701897898
3320.0;1.0;1922.0;1.0;1915.0;1.0;1929.0;1.0;14.0;2.0;81.99394989013672;1921.8196467509026;1915.043700078073;1929.063977296128
3336.0;1.0;1923.0;1.0;1916.0;1.0;1930.0;1.0;14.0;2.0;79.20362854003906;1923.091497262998;1916.2508904306317;1930.399580890535
3352.0;1.0;1924.0;1.0;1917.0;1.0;1932.0;1.0;15.0;2.0;76.8349609375;1924.3662856404644;1917.4597250092297;1931.7394154451074
3368.0;1.0;1926.0;1.0;1919.0;1.0;1933.0;1.0;14.0;2.0;77.0695571899414;1925.6440423562506;1918.6702303856136;1933.083515431943
3384.0;1.0;1927.0;1.0;1920.0;1.0;1935.0;1.0;15.0;2.0;72.8935546875;1926.9247978833052;1919.882433131529;1934.4319153231384
3400.0;1.0;1928.0;1.0;1921.0;1.0;1936.0;1.0;15.0;2.0;73.7705078125;1928.2085826945774;1921.096359818722;1935.7846495907907
3416.0;1.0;1929.0;1.0;1922.0;1.0;1937.0;1.0;15.0;2.0;73.58769989013672;1929.495427263016;1922.312037018939;1937.1417527069977
3432.0;1.0;1931.0;1.0;1923.0;1.0;1939.0;1.0;16.0;2.0;65.48712921142578;1930.78536206157;1923.5294913039256;1938.503259143856
3448.0;1.0;1932.0;1.0;1924.0;1.0;1941.0;1.0;17.0;2.0;63.650001525878906;1932.0784175631877;1924.7487492454281;1939.8692033734628
3464.0;1.0;1934.0;1.0;1926.0;1.0;1942.0;1.0;16.0;2.0;64.15714263916016;1933.3746242408188;1925.9698374151926;1941.2396198679153
3480.0;1.0;1935.0;1.0;1927.0;1.0;1943.0;1.0;16.0;2.0;65.50892639160156;1934.6740125674114;1927.1927823849653;1942.6145430993108
3496.0;1.0;1936.0;1.0;1928.0;1.0;1944.0;1.0;16.0;2.0;62.05446243286133;1935.976613015915;1928.4176107264918;1943.9940075397462
3512.0;1.0;1937.0;1.0;1929.0;1.0;1946.0;1.0;17.0;2.0;57.61428451538086;1937.2824560592783;1929.6443490115184;1945.3780476613188
3528.0;1.0;1938.0;1.0;1930.0;1.0;1947.0;1.0;17.0;2.0;61.923213958740234;1938.59157217045;1930.8730238117914;1946.7666979361256
3544.0;1.0;1940.0;1.0;1932.0;1.0;1948.0;1.0;16.0;2.0;58.96875;1939.9039918223793;1932.1036616990564;1948.1599928362639
3560.0;1.0;1941.0;1.0;1933.0;1.0;1949.0;1.0;16.0;2.0;55.150001525878906;1941.2197454880147;1933.33628924506;1949.5579668338305
3576.0;1.0;1942.0;1.0;1934.0;1.0;1951.0;1.0;17.0;2.0;55.95659637451172;1942.5388636403054;1934.5709330215477;1950.9606544009232
3592.0;1.0;1944.0;1.0;1936.0;1.0;1952.0;1.0;16.0;2.0;57.63715362548828;1943.8613767522002;1935.807619600266;1952.3680900096385
3608.0;1.0;1945.0;1.0;1937.0;1.0;1954.0;1.0;17.0;2.0;55.87326431274414;1945.1873152966477;1937.0463755529609;1953.7803081320737
3624.0;1.0;1946.0;1.0;1938.0;1.0;1955.0;1.0;17.0;2.0;49.98684310913086;1946.5167097465974;1938.287227451378;1955.197343240326
3640.0;1.0;1948.0;1.0;1940.0;1.0;1957.0;1.0;17.0;2.0;53.37922286987305;1947.8495905749974;1939.530201867264;1956.619229806493
3656.0;1.0;1949.0;1.0;1941.0;1.0;1958.0;1.0;17.0;2.0;53.79774475097656;1949.1859882547972;1940.7753253723645;1958.0460023026708
3672.0;1.0;1950.0;1.0;1942.0;1.0;1959.0;1.0;17.0;2.0;50.719573974609375;1950.5259332589453;1942.0226245384258;1959.4776952009574
3688.0;1.0;1952.0;1.0;1943.0;1.0;1962.0;1.0;19.0;2.0;46.571876525878906;1951.869456060391;1943.272125937194;1960.9143429734497
3704.0;1.0;1954.0;1.0;1945.0;1.0;1963.0;1.0;18.0;2.0;45.713279724121094;1953.2165871320829;1944.5238561404149;1962.3559800922449
3720.0;1.0;1954.0;1.0;1946.0;1.0;1963.0;1.0;17.0;2.0;49.72550582885742;1954.5673569469698;1945.777841719835;1963.8026410294399
3736.0;1.0;1956.0;1.0;1947.0;1.0;1965.0;1.0;18.0;2.0;43.13359451293945;1955.9217959780005;1947.0341092472;1965.254360257132
3752.0;1.0;1957.0;1.0;1948.0;1.0;1967.0;1.0;19.0;2.0;42.23749923706055;1957.2799346981242;1948.2926852942558;1966.7111722474183
3768.0;1.0;1958.0;1.0;1950.0;1.0;1967.0;1.0;17.0;2.0;45.26315689086914;1958.64180358029;1949.5535964327487;1968.1731114723962
3784.0;1.0;1960.0;1.0;1950.0;1.0;1971.0;1.0;21.0;2.0;40.132102966308594;1960.007433097446;1950.8168692344252;1969.6402124041624
3800.0;1.0;1961.0;1.0;1952.0;1.0;1971.0;1.0;19.0;2.0;41.38318634033203;1961.3768537225417;1952.0825302710305;1971.1125095148143
3816.0;1.0;1962.0;1.0;1953.0;1.0;1972.0;1.0;19.0;2.0;44.064064025878906;1962.7500959285258;1953.3506061143112;1972.590037276449
3832.0;1.0;1964.0;1.0;1955.0;1.0;1973.0;1.0;18.0;2.0;39.88566970825195;1964.1271901883472;1954.6211233360134;1974.0728301611637
3848.0;1.0;1966.0;1.0;1956.0;1.0;1976.0;1.0;20.0;2.0;39.202762603759766;1965.5081669749545;1955.894108507883;1975.5609226410554
3864.0;1.0;1966.0;1.0;1957.0;1.0;1976.0;1.0;19.0;2.0;40.094512939453125;1966.8930567612972;1957.169588201666;1977.0543491882213
3880.0;1.0;1969.0;1.0;1958.0;1.0;1980.0;1.0;22.0;2.0;35.46941375732422;1968.2818900203235;1958.4475889891085;1978.5531442747588
3896.0;1.0;1970.0;1.0;1960.0;1.0;1980.0;1.0;20.0;2.0;37.48183059692383;1969.674697224983;1959.7281374419567;1980.0573423727644
3912.0;1.0;1972.0;1.0;1961.0;1.0;1983.0;1.0;22.0;2.0;31.645610809326172;1971.0715088482239;1961.0112601319565;1981.566977954336
3928.0;1.0;1972.0;1.0;1963.0;1.0;1982.0;1.0;19.0;2.0;37.24636459350586;1972.4723553629954;1962.296983630854;1983.08208549157
3944.0;1.0;1974.0;1.0;1964.0;1.0;1984.0;1.0;20.0;2.0;35.91805648803711;1973.8772672422463;1963.5853345103953;1984.602699456564
3960.0;1.0;1975.0;1.0;1965.0;1.0;1985.0;1.0;20.0;2.0;35.58430099487305;1975.2862749589256;1964.8763393423264;1986.1288543214155
3976.0;1.0;1977.0;1.0;1967.0;1.0;1987.0;1.0;20.0;2.0;35.16180419921875;1976.6994089859822;1966.1700246983937;1987.6605845582208
3992.0;1.0;1978.0;1.0;1968.0;1.0;1989.0;1.0;21.0;2.0;33.93888854980469;1978.1166997963646;1967.4664171503427;1989.1979246390774
4008.0;1.0;1980.0;1.0;1969.0;1.0;1991.0;1.0;22.0;2.0;30.69791603088379;1979.5381778630224;1968.7655432699198;1990.7409090360827
4024.0;1.0;1981.0;1.0;1970.0;1.0;1992.0;1.0;22.0;2.0;31.53188705444336;1980.9638736589038;1970.067429628871;1992.2895722213334
4040.0;1.0;1983.0;1.0;1972.0;1.0;1994.0;1.0;22.0;2.0;31.433509826660156;1982.393817656958;1971.3721027989423;1993.843948666927
4056.0;1.0;1984.0;1.0;1973.0;1.0;1995.0;1.0;22.0;2.0;29.935546875;1983.8280403301337;1972.6795893518797;1995.4040728449604
